1 7 0 -47.703 6.192 1 0 0 0 0.996195 -0.0871557 0 0.0871557 0.996195 recte4.dat
1 14 0 -43.22 46.737 -1 0 0 0 0.996195 0.0871557 0 0.0871557 -0.996195 2432.dat
1 9 0 -41.477 26.813 -1 0 0 0 0.996195 0.0871557 0 0.0871557 -0.996195 recte4.dat
1 0 -10 -39.734 6.889 0 0 1 0.0871557 0.996195 0 -0.996195 0.0871557 0 recte4.dat
1 0 10 -39.734 6.889 0 0 -1 -0.0871557 0.996195 0 0.996195 0.0871557 0 recte4.dat
1 4 0 -33.507 27.511 1 0 0 0 0.996195 -0.0871557 0 0.0871557 0.996195 recte4.dat
1 9 0 -31.764 7.587 1 0 0 0 0.996195 -0.0871557 0 0.0871557 0.996195 recte4.dat
1 9 0 -24.666 18.246 -1 0 0 0 0.996195 0.0871557 0 0.0871557 -0.996195 48183.dat
1 0 0 -21.18 -21.602 1 0 0 0 0.996195 -0.0871557 0 0.0871557 0.996195 30602.dat
1 8 0 -20.308 -31.564 0 0 1 0.0871557 0.996195 0 -0.996195 0.0871557 0 3021.dat
1 9 0 -15.95 -81.374 1 0 0 0 0.996195 -0.0871557 0 0.0871557 0.996195 43719.dat
1 14 0 -13.21 -20.905 0 0 1 0.0871557 0.996195 0 -0.996195 0.0871557 0 3795.dat
1 8 0 -10.47 39.564 1 0 0 0 0.996195 -0.0871557 0 0.0871557 0.996195 6157.dat
1 8 0 -7.981 -80.676 1 0 0 0 0.996195 -0.0871557 0 0.0871557 0.996195 6157.dat
1 7 0 -7.109 -90.638 1 0 0 0 0.996195 -0.0871557 0 0.0871557 0.996195 2540.dat
1 14 0 -6.984 -0.284 0 0 1 0.0871557 0.996195 0 -0.996195 0.0871557 0 3795.dat
1 0 -40 -5.489 40 0 0 1 0.0871557 0.996195 0 -0.996195 0.0871557 0 51719.dat
1 0 40 -5.489 40 0 0 -1 -0.0871557 0.996195 0 0.996195 0.0871557 0 51719.dat
1 256 -40 -5.489 40 0 0 1 0.0871557 0.996195 0 -0.996195 0.0871557 0 51011.dat
1 256 40 -5.489 40 0 0 1 0.0871557 0.996195 0 -0.996195 0.0871557 0 51011.dat
1 0 -40 -3 -80.241 0 0 1 0.0871557 0.996195 0 -0.996195 0.0871557 0 51719.dat
1 0 40 -3 -80.241 0 0 -1 -0.0871557 0.996195 0 0.996195 0.0871557 0 51719.dat
1 256 -40 -3 -80.241 0 0 1 0.0871557 0.996195 0 -0.996195 0.0871557 0 50951.dat
1 256 40 -3 -80.241 0 0 1 0.0871557 0.996195 0 -0.996195 0.0871557 0 50951.dat
1 256 40 -3 -80.241 0 0 1 0.0871557 0.996195 0 -0.996195 0.0871557 0 recte4.dat
1 256 40 -3 -80.241 0 0 1 0.0871557 0.996195 0 -0.996195 0.0871557 0 recte4.dat
1 256 40 -3 -80.241 0 0 1 0.0871557 0.996195 0 -0.996195 0.0871557 0 recte4.dat
